1|1|1
2|2|1
3|3|1
4|4|1
5|5|1
6|6|1
7|7|1
8|8|1
9|9|1
10|1|1
11|3|1
12|10|1
13|1|1
14|3|1
15|11|1
16|12|1
17|13|1
18|14|1
19|9|1
20|15|1
21|16|1
22|9|1
23|17|1
24|18|1
25|19|1
26|20|1
26|21|2
26|22|3
26|23|4
27|9|1
28|3|1
29|9|1
30|24|1
31|25|1
32|2|1
33|26|1
34|27|1
35|28|1
36|24|1
37|29|1
38|1|1
39|30|1
40|31|1
41|24|1
42|32|1
43|24|1
44|32|1
44|33|2
45|34|1
46|35|1
47|24|1
48|24|1
49|12|1
50|36|1
51|24|1
52|6|1
53|37|1
54|38|1
55|39|1
56|38|1
57|24|1
58|40|1
59|39|1
60|39|1
61|41|1
62|42|1
63|39|1
64|39|1
65|39|1
66|39|1
67|39|1
68|43|1
69|44|1
70|45|1
71|39|1
72|46|1
73|47|1
74|39|1
75|48|1
76|49|1
77|50|1
78|35|1
79|24|1
80|51|1
81|13|1
82|52|1
83|16|1
84|53|1
85|54|1
86|55|1
87|35|1
88|56|1
89|57|1
90|10|1
91|58|1
92|56|1
93|58|1
94|59|1
94|60|2
94|61|3
94|62|4
95|63|1
96|24|1
97|56|1
98|56|1
99|64|1
100|35|1
101|65|1
102|66|1
103|67|1
104|68|1
105|63|1
106|69|1
107|70|1
108|56|1
109|35|1
110|71|1
111|58|1
112|34|1
113|55|1
114|11|1
115|11|1
116|72|1
117|11|1
118|11|1
119|11|1
120|11|1
121|2|1
122|11|1
123|11|1
124|11|1
125|11|1
126|11|1
127|11|1
128|11|1
129|11|1
130|11|1
131|73|1
132|34|1
133|55|1
134|11|1
135|11|1
136|34|1
137|74|1
138|34|1
139|75|1
140|1|1
141|76|1
142|64|1
143|77|1
144|78|1
145|79|1
146|30|1
147|80|1
148|36|1
149|81|1
150|64|1
151|82|1
152|83|1
153|84|1
154|84|1
155|85|1
156|84|1
157|86|1
158|78|1
159|87|1
160|88|1
161|76|1
162|83|1
163|83|1
164|83|1
165|39|1
166|84|1
167|39|1
168|89|1
169|90|1
170|1|1
171|44|1
172|77|1
172|91|2
173|6|1
174|86|1
175|3|1
176|6|1
177|92|1
178|28|1
179|93|1
180|94|1
181|95|1
182|37|1
183|24|1
184|75|1
185|96|1
186|86|1
187|97|1
188|98|1
189|7|1
190|99|1
191|100|1
192|101|1
192|102|2
192|103|3
192|104|4
192|105|5
192|106|6
192|107|7
192|108|8
192|109|9
192|110|10
192|111|11
192|112|12
193|93|1
194|31|1
195|113|1
196|114|1
197|115|1
198|95|1
199|9|1
200|116|1
201|94|1
202|117|1
203|118|1
203|119|2
203|120|3
203|121|4
203|122|5
203|123|6
203|124|7
203|125|8
203|126|9
203|127|10
203|128|11
203|129|12
203|130|13
203|131|14
203|132|15
203|133|16
203|134|17
203|135|18
203|136|19
203|137|20
203|138|21
203|139|22
203|140|23
203|141|24
203|142|25
203|143|26
203|144|27
203|145|28
203|146|29
203|147|30
203|148|31
203|149|32
203|150|33
203|151|34
203|152|35
203|153|36
203|154|37
203|155|38
203|156|39
203|157|40
203|158|41
203|159|42
203|160|43
203|161|44
203|162|45
203|163|46
203|164|47
203|165|48
203|166|49
203|167|50
203|168|51
203|169|52
203|170|53
203|171|54
203|172|55
203|173|56
203|174|57
203|175|58
203|176|59
203|177|60
203|178|61
203|179|62
203|180|63
203|181|64
203|182|65
203|183|66
203|184|67
203|185|68
203|186|69
203|187|70
203|188|71
203|189|72
203|190|73
203|191|74
203|192|75
203|193|76
203|194|77
203|195|78
203|196|79
203|197|80
203|198|81
203|199|82
203|200|83
203|201|84
203|202|85
203|203|86
203|204|87
203|205|88
203|206|89
203|207|90
203|208|91
203|209|92
203|210|93
203|211|94
203|212|95
203|213|96
203|214|97
203|215|98
203|216|99
203|217|100
203|218|101
203|219|102
203|220|103
203|221|104
203|222|105
203|223|106
203|224|107
203|225|108
203|226|109
203|227|110
203|228|111
203|229|112
203|230|113
203|231|114
203|232|115
203|233|116
203|234|117
203|235|118
203|236|119
203|237|120
203|238|121
203|239|122
203|240|123
203|241|124
203|242|125
203|243|126
203|244|127
203|245|128
203|246|129
203|247|130
203|248|131
203|249|132
203|250|133
203|251|134
203|252|135
203|253|136
203|254|137
203|255|138
203|256|139
203|257|140
203|258|141
203|259|142
203|260|143
203|261|144
203|262|145
203|263|147
203|264|148
203|265|149
203|266|150
203|267|151
203|268|152
203|269|153
203|270|154
203|271|155
203|272|156
203|273|157
203|274|158
203|275|159
203|276|160
203|277|161
203|278|162
203|279|164
203|280|165
203|281|166
203|282|167
203|283|168
203|284|169
203|285|170
203|286|171
203|287|172
203|288|173
203|289|175
203|290|176
203|291|177
203|292|178
203|293|179
203|294|180
203|295|181
203|296|182
203|297|183
203|298|184
203|299|185
203|300|186
203|301|187
203|302|188
203|303|189
203|304|190
203|305|191
203|306|192
203|307|193
203|308|194
203|309|195
203|310|196
203|311|197
203|312|198
203|313|199
203|314|200
203|315|201
203|316|202
203|317|203
203|318|204
203|319|205
203|320|206
203|321|207
203|322|208
203|323|209
203|324|210
203|325|211
203|326|213
203|327|214
203|328|215
203|329|216
203|330|217
203|331|218
203|332|219
203|333|220
203|334|225
203|335|226
203|336|227
203|337|228
203|338|229
203|339|230
203|340|231
203|341|232
203|342|233
203|343|235
203|344|236
203|345|237
204|346|1
204|347|2
204|348|3
204|349|4
204|350|5
204|351|6
205|352|1
206|353|1
207|9|1
208|9|1
209|116|1
210|354|1
211|355|1
212|57|1
213|57|1
214|116|1
215|114|1
216|118|1
217|55|1
218|55|1
219|116|1
220|356|1
220|357|2
221|358|1
222|359|1
223|6|1
224|360|1
225|361|1
226|362|1
227|363|1
228|9|1
229|364|1
230|8|1
231|365|1
232|3|1
233|98|1
234|9|1
235|366|1
236|367|1
237|368|1
238|369|1
239|370|1
240|368|1
241|371|1
241|372|2
241|373|3
242|374|1
242|375|2
242|376|3
242|377|4
243|378|1
243|379|2
243|380|3
243|381|4
243|382|5
243|383|6
243|384|7
243|385|8
243|386|9
243|387|10
243|388|11
243|389|12
243|390|13
243|391|14
243|392|15
243|393|16
244|394|1
245|395|1
246|396|1
246|397|2
247|398|1
248|399|1
249|400|1
250|401|1
251|402|1
252|403|1
252|404|2
252|405|3
253|406|1
254|407|1
254|408|2
254|409|3
255|410|1
255|411|2
256|412|1
257|413|1
258|414|1
259|411|1
260|402|1
261|415|1
261|416|2
261|417|3
261|418|4
261|419|5
261|420|6
262|421|1
262|422|2
262|423|3
262|424|4
262|425|5
262|426|6
263|427|1
264|428|1
265|429|1
266|395|1
267|378|1
267|430|2
267|431|3
268|31|1
269|432|1
270|433|1
271|434|1
272|435|1
273|436|1
274|427|1
275|437|1
276|407|1
277|427|1
278|436|1
279|438|1
279|439|2
279|440|3
279|441|4
279|442|5
279|443|6
279|444|7
280|436|1
281|445|1
282|432|1
283|446|1
284|146|1
285|447|1
285|448|2
285|449|3
286|100|1
287|450|1
288|432|1
289|413|1
290|451|1
290|452|2
291|113|1
292|453|1
293|453|1
294|317|1
295|412|1
296|454|1
297|14|1
298|27|1
299|455|1
300|456|1
301|457|1
301|458|2
302|459|1
303|460|1
304|461|1
305|462|1
306|360|1
307|27|1
308|38|1
309|463|1
310|464|1
311|465|1
312|2|1
313|427|1
314|466|1
315|118|2
315|317|1
315|467|3
316|81|1
317|73|1
317|468|2
317|469|3
318|17|1
319|470|1
320|471|1
320|472|2
321|473|1
322|473|1
323|474|1
324|475|1
325|476|1
325|477|2
326|470|1
327|401|1
328|478|1
329|479|1
329|480|2
329|481|3
330|482|1
331|473|1
332|483|1
333|44|1
334|484|1
335|485|1
336|44|1
337|486|1
338|401|1
339|487|1
340|488|1
341|489|1
342|478|1
343|490|1
344|491|1
345|492|1
346|84|1
347|10|2
347|12|3
347|13|1
347|493|4
347|494|5
347|495|6
347|496|7
347|497|8
347|498|9
347|499|10
347|500|11
347|501|12
347|502|13
347|503|14
347|504|15
347|505|16
347|506|17
347|507|18
347|508|19
347|509|20
347|510|21
347|511|22
347|512|23
347|513|24
347|514|25
347|515|26
347|516|27
347|517|28
347|518|29
347|519|30
348|520|1
349|83|1
350|521|1
351|13|1
351|496|2
351|522|3
352|521|1
353|38|1
354|523|1
355|3|4
355|6|8
355|12|7
355|13|1
355|38|5
355|83|11
355|84|10
355|98|2
355|496|20
355|505|9
355|514|24
355|520|15
355|524|3
355|525|6
355|526|12
355|527|13
355|528|14
355|529|16
355|530|17
355|531|18
355|532|19
355|533|21
355|534|22
355|535|23
355|536|25
355|537|26
355|538|27
355|539|28
355|540|29
356|24|1
357|541|1
358|38|1
359|43|1
360|542|1
361|43|1
362|43|1
363|43|1
364|43|1
365|43|1
366|43|1
367|543|1
367|544|2
368|38|1
369|43|1
370|43|1
371|43|1
372|545|1
373|67|1
374|43|1
375|38|1
376|43|1
377|43|1
377|546|2
378|43|1
379|547|1
380|547|1
381|548|1
382|548|1
383|548|1
384|548|1
385|547|1
386|548|1
387|548|1
388|549|1
389|548|1
390|548|1
391|548|1
392|547|1
393|548|1
394|548|1
395|548|1
396|548|1
397|547|1
398|550|1
399|551|1
400|43|1
401|43|1
402|43|1
403|43|1
404|552|1
405|553|1
406|554|1
407|555|1
408|550|1
409|556|1
410|557|1
411|558|1
411|559|2
412|43|1
413|560|1
414|561|1
415|562|1
415|563|2
415|564|3
415|565|4
416|566|1
417|567|1
418|568|1
419|569|1
420|570|1
421|571|1
422|572|1
423|573|1
424|574|1
424|575|2
425|576|1
426|577|1
426|578|2
426|579|3
426|580|4
426|581|5
426|582|6
426|583|7
427|584|1
428|585|1
429|586|1
430|587|1
431|588|1
432|589|1
433|590|1
434|591|1
435|586|1
436|592|1
437|593|1
438|594|1
439|595|1
440|596|1
440|597|2
441|598|1
441|599|2
442|600|1
442|601|2
443|602|1
444|603|1
444|604|2
445|586|1
446|605|1
446|606|2
446|607|3
447|608|1
448|609|1
449|610|1
450|611|1
450|612|2
451|613|1
451|614|2
451|615|3
452|616|1
453|617|1
453|618|2
453|619|3
454|620|1
454|621|2
454|622|3
454|623|4
454|624|5
455|625|1
456|626|1
457|627|1
457|628|2
457|629|3
457|630|4
457|631|5
457|632|6
457|633|7
457|634|8
457|635|9
457|636|10
458|637|1
458|638|2
458|639|3
458|640|4
458|641|5
458|642|6
458|643|7
459|644|1
460|77|1
460|645|2
461|646|1
461|647|2
462|648|1
462|649|2
462|650|3
462|651|4
462|652|5
462|653|6
462|654|7
462|655|8
462|656|9
462|657|10
462|658|11
462|659|12
462|660|13
462|661|14
462|662|15
462|663|16
462|664|17
462|665|18
462|666|19
462|667|20
462|668|21
462|669|22
462|670|23
462|671|24
462|672|25
462|673|26
462|674|27
463|616|1
464|675|1
464|676|2
464|677|3
464|678|4
464|679|5
464|680|6
465|681|1
466|682|1
466|683|2
467|684|1
467|685|2
467|686|3
468|602|1
469|626|1
470|687|1
471|688|1
471|689|2
471|690|3
471|691|4
471|692|5
471|693|6
471|694|7
472|695|1
473|696|1
474|697|1
474|698|2
474|699|3
475|700|1
476|701|1
476|702|2
476|703|3
476|704|4
476|705|5
477|706|1
478|707|1
479|708|1
479|709|2
479|710|3
479|711|4
479|712|5
480|713|1
481|714|1
481|715|2
481|716|3
481|717|4
482|718|1
483|719|1
484|554|1
485|550|1
486|720|1
487|721|1
487|722|2
488|723|1
489|724|1
489|725|2
490|726|1
490|727|2
490|728|3
491|729|1
492|557|1
492|730|2
493|731|1
493|732|2
493|733|3
494|734|1
495|735|1
495|736|2
495|737|3
496|738|1
496|739|2
496|740|3
496|741|4
497|742|1
498|743|1
498|744|2
499|745|1
500|746|1
